[gd_scene load_steps=7 format=2]

[ext_resource path="res://scripts/Player.gd" type="Script" id=1]

[sub_resource type="CylinderShape" id=1]


[sub_resource type="CylinderMesh" id=2]


[sub_resource type="SpatialMaterial" id=3]

albedo_color = Color( 0.996078, 0.52549, 0.0235294, 1 )

[sub_resource type="SpatialMaterial" id=4]

albedo_color = Color( 0.054902, 0.819608, 0.498039, 1 )

[sub_resource type="CylinderMesh" id=5]

material = SubResource( 4 )
top_radius = 0.2
bottom_radius = 0.5
height = 1.5

[node name="Player" type="KinematicBody"]
transform = Transform( -4.37114e-008, 0, -1, 0, 1, 0, 1, 0, -4.37114e-008, 0, 0, 0 )
script = ExtResource( 1 )

[node name="CollisionShape" type="CollisionShape" parent="."]
transform = Transform( 1, 0, 2.98023e-008, 0, 1, 0, -2.98023e-008, 0, 1, 0, 0, 0 )
shape = SubResource( 1 )
__meta__ = {
"_edit_lock_": true
}

[node name="PlayerControl" type="Spatial" parent="."]

[node name="RayCastDown" type="RayCast" parent="PlayerControl"]
transform = Transform( 1, 0, 0, 0, 1, 0, 0, 0, 1, 0, -0.396755, 0 )
visible = false
cast_to = Vector3( 0, -80, 0 )

[node name="RayCastFront" type="RayCast" parent="PlayerControl"]
transform = Transform( 1, 2.80971e-008, -1.02265e-008, -2.80971e-008, 0.766044, -0.642788, -1.02265e-008, 0.642788, 0.766044, 0, 2.45434, 0 )
visible = false
cast_to = Vector3( 0, -80, 0 )

[node name="RayCastBack" type="RayCast" parent="PlayerControl"]
transform = Transform( 1, -2.80971e-008, -1.02265e-008, 2.80971e-008, 0.766044, 0.642788, -1.02265e-008, -0.642788, 0.766044, 0, 2.45434, 0 )
visible = false
cast_to = Vector3( 0, -80, 0 )

[node name="PlayerMesh" type="MeshInstance" parent="PlayerControl"]
editor/display_folded = true
transform = Transform( 1, 0, 2.98023e-008, 0, 1, 0, -2.98023e-008, 0, 1, 0, 0, 0 )
mesh = SubResource( 2 )
material/0 = SubResource( 3 )
__meta__ = {
"_edit_lock_": true
}

[node name="Nose" type="MeshInstance" parent="PlayerControl/PlayerMesh"]
transform = Transform( 1, -1.77636e-015, 5.29396e-023, 0, -4.37114e-008, 1, -1.77636e-015, -1, -4.37114e-008, 0, 0.3, -1.2 )
mesh = SubResource( 5 )
material/0 = null
__meta__ = {
"_edit_lock_": true
}

[node name="PlayerCameraControl" type="Spatial" parent="."]
transform = Transform( 1, 0, 2.98023e-008, 0, 1, 0, -2.98023e-008, 0, 1, 0, 0, 0 )
__meta__ = {
"_edit_lock_": true
}

[node name="PlayerCamera" type="Camera" parent="PlayerCameraControl"]
transform = Transform( 1, 0, 0, 0, 0.880478, 0.474088, 0, -0.474088, 0.880478, 0, 19.05, 24.89 )
current = true
fov = 60.0
far = 500.0

