[gd_scene load_steps=13 format=2]

[ext_resource path="res://scripts/Level.gd" type="Script" id=1]
[ext_resource path="res://scenes/Player/Player.tscn" type="PackedScene" id=2]
[ext_resource path="res://scenes/SpherePlanet.tscn" type="PackedScene" id=3]
[ext_resource path="res://materials/metalgrid2small.material" type="Material" id=4]
[ext_resource path="res://scripts/Planet.gd" type="Script" id=5]
[ext_resource path="res://materials/metalgrid2.material" type="Material" id=6]
[ext_resource path="res://scenes/Portal.tscn" type="PackedScene" id=7]
[ext_resource path="res://scenes/Objects/Coin.tscn" type="PackedScene" id=8]


[sub_resource type="CubeMesh" id=1]
size = Vector3( 20, 20, 20 )

[sub_resource type="BoxShape" id=2]
extents = Vector3( 55, 10, 10 )

[sub_resource type="BoxShape" id=3]
extents = Vector3( 50, 27.5266, 50 )

[sub_resource type="BoxShape" id=4]
extents = Vector3( 155.345, 72.6257, 111.479 )

[node name="Level" type="Spatial"]
script = ExtResource( 1 )

[node name="Player" parent="." instance=ExtResource( 2 )]
transform = Transform( 1, 0, -1.06581e-014, 0, 1, 0, 1.06581e-014, 0, 1, 0, 31.0702, 0 )

[node name="DirectionalLight" type="DirectionalLight" parent="."]
transform = Transform( 0.493704, 0.558987, -0.666175, 0, 0.766044, 0.642788, 0.86963, -0.317347, 0.378199, -36.905, 47, 62 )
light_energy = 2.0

[node name="Planet1" parent="." instance=ExtResource( 3 )]
transform = Transform( 1, 0, 0, 0, 1, 0, 0, 0, 1, 0.0691452, 0.000488281, -0.0691442 )

[node name="Planet2" parent="." instance=ExtResource( 3 )]
editor/display_folded = true
transform = Transform( 1, 0, 0, 0, 1, 0, 0, 0, 1, 43.5742, 45.3195, -45.9515 )

[node name="PlanetMesh" parent="Planet2" index="2"]
material/0 = ExtResource( 4 )

[node name="Planet3" type="StaticBody" parent="."]
transform = Transform( 1, 0, 0, 0, 1, 0, 0, 0, 1, 134.129, 38.1419, -54.1366 )
script = ExtResource( 5 )

[node name="Spatial" type="Spatial" parent="Planet3"]
editor/display_folded = true
transform = Transform( 1, 0, 0, 0, 1, 0, 0, 0, 1, 1, 0, 0 )

[node name="Cube1" type="MeshInstance" parent="Planet3/Spatial"]
transform = Transform( 1, 0, 0, 0, 1, 0, 0, 0, 1, -46, 0, 0 )
mesh = SubResource( 1 )
material/0 = ExtResource( 6 )

[node name="Cube2" type="MeshInstance" parent="Planet3/Spatial"]
transform = Transform( 1, 0, 0, 0, 1, 0, 0, 0, 1, -28, 0, 0 )
mesh = SubResource( 1 )
material/0 = ExtResource( 6 )

[node name="Cube3" type="MeshInstance" parent="Planet3/Spatial"]
transform = Transform( 1, 0, 0, 0, 1, 0, 0, 0, 1, -10, 0, 0 )
mesh = SubResource( 1 )
material/0 = ExtResource( 6 )

[node name="Cube4" type="MeshInstance" parent="Planet3/Spatial"]
transform = Transform( 1, 0, 0, 0, 1, 0, 0, 0, 1, 8, 0, 0 )
mesh = SubResource( 1 )
material/0 = ExtResource( 6 )

[node name="Cube5" type="MeshInstance" parent="Planet3/Spatial"]
transform = Transform( 1, 0, 0, 0, 1, 0, 0, 0, 1, 26, 0, 0 )
mesh = SubResource( 1 )
material/0 = ExtResource( 6 )

[node name="Cube6" type="MeshInstance" parent="Planet3/Spatial"]
transform = Transform( 1, 0, 0, 0, 1, 0, 0, 0, 1, 44, 0, 0 )
mesh = SubResource( 1 )
material/0 = ExtResource( 6 )

[node name="CollisionShape" type="CollisionShape" parent="Planet3"]
shape = SubResource( 2 )
__meta__ = {
"_edit_lock_": true
}

[node name="GravityInfluence" type="Area" parent="Planet3"]
transform = Transform( 1, 0, 0, 0, 1, 0, 0, 0, 1, 0, 17.3387, 0 )

[node name="CollisionShape" type="CollisionShape" parent="Planet3/GravityInfluence"]
shape = SubResource( 3 )
__meta__ = {
"_edit_lock_": true
}

[node name="Portal" parent="Planet3" instance=ExtResource( 7 )]
transform = Transform( 1, 0, 0, 0, 1, -1.74846e-007, 0, 1.74846e-007, 1, 42.8354, 9.46328, 0 )

[node name="DieBox" type="Area" parent="."]
editor/display_folded = true
transform = Transform( 1, 0, 0, 0, 1, 0, 0, 0, 1, 51.3845, 28.1304, -17.0808 )
input_ray_pickable = true
monitorable = false

[node name="Box" type="CollisionShape" parent="DieBox"]
shape = SubResource( 4 )

[node name="Coins" type="Node" parent="."]

[node name="Coin1" parent="Coins" instance=ExtResource( 8 )]
transform = Transform( 0.814828, -0.261674, 0.517283, 0.30576, 0.952109, 0, -0.49251, 0.158165, 0.855814, 14.6779, 31.4973, -14.7747 )

[node name="Coin4" parent="Coins" instance=ExtResource( 8 )]
transform = Transform( 0.762746, -0.56933, 0.306728, 0.598163, 0.801375, 0, -0.245804, 0.183473, 0.951797, 22.2416, 40.3009, -20.9939 )

[node name="Coin2" parent="Coins" instance=ExtResource( 8 )]
transform = Transform( 0.612372, 0.353553, 0.707107, -0.5, 0.866025, 0, -0.612372, -0.353553, 0.707107, 7.0405, 20, -6.71926 )

[node name="Coin3" parent="Coins" instance=ExtResource( 8 )]
transform = Transform( 0.0156924, -0.66116, 0.750081, 0.999718, 0.023728, 4.19103e-008, -0.017798, 0.74987, 0.661346, 29.6419, 46.4185, -27.6139 )

[node name="Coin5" parent="Coins" instance=ExtResource( 8 )]
transform = Transform( 0.34417, -0.564735, 0.750081, 0.853917, 0.520408, 5.27807e-008, -0.390348, 0.640507, 0.661346, 33.2209, 59.1413, -31.673 )

[node name="Coin6" parent="Coins" instance=ExtResource( 8 )]
transform = Transform( 0.605846, -0.265196, 0.750081, 0.400994, 0.91608, 5.26221e-008, -0.687135, 0.300778, 0.661346, 39.2051, 67.4117, -38.4602 )

[node name="Coin7" parent="Coins" instance=ExtResource( 8 )]
transform = Transform( 1, 0, 0, 0, 1, 0, 0, 0, 1, 45.1685, 68.3326, -46.5714 )

[node name="Coin8" parent="Coins" instance=ExtResource( 8 )]
transform = Transform( 1, 0, 0, 0, 1, 0, 0, 0, 1, 69.005, 65.2043, -50.9261 )

[node name="Coin10" parent="Coins" instance=ExtResource( 8 )]
transform = Transform( 1, 0, 0, 0, 1, 0, 0, 0, 1, 98.6901, 55.6408, -54.2696 )

[node name="Coin11" parent="Coins" instance=ExtResource( 8 )]
transform = Transform( 1, 0, 0, 0, 1, 0, 0, 0, 1, 134.334, 55.6408, -54.2696 )

[connection signal="body_entered" from="Planet3/Portal" to="." method="_on_Portal_body_entered"]

[editable path="Planet2"]
